rumor_network 0
0 0 0
1 0 0
2 0 0
3 0 0
4 0 0
5 0 0
6 0 0
7 0 0
8 0 0
9 0 0
10 0 0
11 0 0
12 0 0
13 0 0
14 0 0
15 0 0
16 0 0
17 0 0
18 0 0
19 0 0
20 0 0
21 0 0
22 0 0
23 0 0
24 0 0
25 0 0
26 0 0
27 0 0
28 0 0
29 0 0
30 0 0
31 0 0
32 0 0
33 0 0
34 0 0
35 0 0
36 0 0
37 0 0
38 0 0
39 0 0
40 0 0
41 0 0
42 0 0
43 0 0
44 0 0
45 0 0
46 0 0
47 0 0
48 0 0
49 0 0
EDGES
0 9
0 10
0 11
0 21
0 23
0 42
1 20
1 22
1 36
1 39
1 41
1 44
1 45
2 9
2 14
2 36
3 11
3 18
3 27
3 29
3 36
3 40
3 46
4 25
4 33
4 42
5 19
5 29
5 34
5 46
6 7
6 10
6 13
6 35
6 37
6 47
7 16
7 31
7 42
7 43
7 47
8 9
8 13
8 18
8 35
8 49
9 20
9 24
10 16
10 21
10 47
11 14
11 39
12 14
12 23
12 26
12 38
12 40
12 44
13 15
13 20
13 21
13 23
13 25
13 28
13 47
14 31
14 35
14 36
15 19
15 30
15 34
15 37
15 38
15 41
15 46
16 34
16 41
17 40
17 46
18 25
18 31
18 44
18 45
19 32
19 38
19 41
20 33
20 34
21 46
22 31
22 42
22 48
23 27
23 28
23 32
23 41
24 46
25 27
25 30
25 33
26 27
26 35
26 37
26 44
26 48
27 28
27 30
27 43
28 43
29 43
29 44
30 42
31 33
31 36
31 39
31 46
31 49
33 35
33 46
35 36
35 40
35 42
35 44
36 49
40 44
41 46
41 48
44 46
44 48
45 46
