rumor_network 0
0 0 0
1 0 0
2 0 0
3 0 0
4 0 0
5 0 0
6 0 0
7 0 0
8 0 0
9 0 0
10 0 0
11 0 0
12 0 0
13 0 0
14 0 0
15 0 0
16 0 0
17 0 0
18 0 0
19 0 0
20 0 0
21 0 0
22 0 0
23 0 0
24 0 0
25 0 0
26 0 0
27 0 0
28 0 0
29 0 0
30 0 0
31 0 0
32 0 0
33 0 0
34 0 0
35 0 0
36 0 0
37 0 0
38 0 0
39 0 0
40 0 0
41 0 0
42 0 0
43 0 0
44 0 0
45 0 0
46 0 0
47 0 0
48 0 0
49 0 0
EDGES
0 2
0 4
0 5
0 41
0 44
1 3
1 14
1 15
1 20
1 21
1 22
1 29
1 37
1 43
2 6
2 24
2 44
3 11
3 34
3 38
4 6
4 24
5 32
5 48
6 41
7 8
7 13
7 14
7 24
7 28
7 32
7 37
7 41
8 39
9 10
9 16
9 23
10 18
10 20
10 37
10 38
11 15
11 24
12 16
12 21
12 23
12 26
12 32
12 45
13 22
13 23
13 38
13 40
14 20
14 22
15 22
16 20
16 46
16 49
17 22
17 30
17 32
17 40
17 42
18 27
18 33
18 36
20 41
21 36
21 40
22 33
22 42
22 47
23 25
23 34
23 35
23 43
25 31
25 35
26 27
26 29
26 30
26 32
26 40
26 41
27 48
29 31
30 42
30 47
30 48
31 35
31 36
32 39
32 49
33 41
33 45
33 46
33 49
34 40
35 40
35 44
37 43
38 42
39 41
39 44
39 45
41 48
42 43
42 48
43 47
44 49
